 VARIABLES = "CFLXMAX","I","J","K",                         "CFLYMAX","I","J","K",                         "CFLZMAX","I","J","K"
 0.000000E+00   0.000000E+00    128      1    250   0.000000E+00    128      1    250   0.000000E+00    128      1    250
 0.100000E+00   0.800744E-06     97      1      7   0.000000E+00    128      1    250   0.116182E-04      1      1    100
 0.200000E+00   0.160109E-05     97      1      7   0.000000E+00    128      1    250   0.232339E-04     65      1    100
 0.300000E+00   0.240081E-05     33      1      7   0.000000E+00    128      1    250   0.348519E-04     65      1    100
 0.400000E+00   0.320022E-05     33      1      7   0.000000E+00    128      1    250   0.464651E-04     65      1    100
 0.500000E+00   0.399933E-05     97      1     10   0.000000E+00    128      1    250   0.580749E-04     65      1    100
 0.600000E+00   0.479929E-05     34      1     10   0.000000E+00    128      1    250   0.696931E-04     66      1    100
 0.700000E+00   0.559956E-05     34      1     10   0.000000E+00    128      1    250   0.813162E-04     66      1    100
 0.800000E+00   0.639981E-05     34      1     10   0.000000E+00    128      1    250   0.929391E-04     66      1    100
 0.900000E+00   0.720000E-05     34      1     10   0.000000E+00    128      1    250   0.104561E-03     66      1    100
 0.100000E+01   0.800007E-05     34      1     10   0.000000E+00    128      1    250   0.116181E-03     66      1    100
 0.110000E+01   0.879994E-05     34      1     10   0.000000E+00    128      1    250   0.127798E-03     66      1    100
 0.120000E+01   0.959956E-05     34      1     10   0.000000E+00    128      1    250   0.139412E-03     66      1    100
 0.130000E+01   0.103989E-04     98      1    250   0.000000E+00    128      1    250   0.151022E-03     66      1    100
 0.140000E+01   0.111979E-04     98      1    250   0.000000E+00    128      1    250   0.162626E-03     66      1    100
 0.150000E+01   0.119966E-04     98      1    250   0.000000E+00    128      1    250   0.174224E-03     66      1    100
 0.160000E+01   0.127970E-04     99      1    250   0.000000E+00    128      1    250   0.185849E-03     67      1    100
 0.170000E+01   0.135980E-04     99      1    250   0.000000E+00    128      1    250   0.197482E-03     67      1    100
 0.180000E+01   0.143988E-04     99      1    250   0.000000E+00    128      1    250   0.209113E-03     67      1    100
 0.190000E+01   0.151994E-04     99      1    250   0.000000E+00    128      1    250   0.220740E-03     67      1    100
 0.200000E+01   0.159997E-04     99      1    250   0.000000E+00    128      1    250   0.232362E-03     67      1    100
 0.210000E+01   0.167996E-04     99      1    250   0.000000E+00    128      1    250   0.243979E-03     67      1    100
 0.222500E+01   0.222488E-04     99      1    250   0.000000E+00    128      1    250   0.323117E-03     67      1    100
 0.235000E+01   0.234974E-04     99      1    250   0.000000E+00    128      1    250   0.341250E-03     67      1    100
 0.247500E+01   0.247448E-04     99      1    250   0.000000E+00    128      1    250   0.359365E-03     67      1    100
 0.260000E+01   0.259940E-04    100      1    250   0.000000E+00    128      1    250   0.377508E-03     68      1    100
 0.272500E+01   0.272468E-04    100      1    250   0.000000E+00    128      1    250   0.395703E-03     68      1    100
 0.288125E+01   0.360151E-04    100      1    250   0.000000E+00    128      1    250   0.523043E-03     68      1    100
 0.303750E+01   0.379703E-04    100      1    250   0.000000E+00    128      1    250   0.551438E-03     68      1    100
 0.319375E+01   0.399230E-04    100      1    250   0.000000E+00    128      1    250   0.579798E-03     68      1    100
 0.335000E+01   0.418730E-04    100      1    250   0.000000E+00    128      1    250   0.608117E-03     68      1    100
 0.354531E+01   0.553843E-04    100      1    250   0.000000E+00    128      1    250   0.804340E-03     68      1    100
 0.374063E+01   0.584447E-04    101      1    250   0.000000E+00    128      1    250   0.848786E-03     69      1    100
 0.393594E+01   0.615040E-04    101      1    250   0.000000E+00    128      1    250   0.893216E-03     69      1    100
 0.413125E+01   0.645576E-04    101      1    250   0.000000E+00    128      1    250   0.937562E-03     69      1    100
 0.437539E+01   0.854603E-04    101      1    250   0.000000E+00    128      1    250   0.124113E-02     69      1    100
 0.461953E+01   0.902156E-04    102      1    250   0.000000E+00    128      1    250   0.131019E-02     70      1    100
 0.486367E+01   0.950052E-04    102      1    250   0.000000E+00    128      1    250   0.137975E-02     70      1    100
 0.510781E+01   0.997814E-04    102      1    250   0.000000E+00    128      1    250   0.144911E-02     70      1    100
 0.535195E+01   0.104543E-03    102      1    250   0.000000E+00    128      1    250   0.151826E-02     70      1    100
 0.565713E+01   0.138108E-03    103      1    250   0.000000E+00    128      1    250   0.200573E-02     71      1    100
 0.596230E+01   0.145602E-03    103      1    250   0.000000E+00    128      1    250   0.211457E-02     71      1    100
 0.626748E+01   0.153062E-03    103      1    250   0.000000E+00    128      1    250   0.222290E-02     71      1    100
 0.657266E+01   0.160482E-03    103      1    250   0.000000E+00    128      1    250   0.233066E-02     71      1    100
 0.695413E+01   0.212295E-03    104      1    250   0.000000E+00    128      1    250   0.308313E-02     72      1    100
 0.733560E+01   0.223970E-03    104      1    250   0.000000E+00    128      1    250   0.325269E-02     72      1    100
 0.771707E+01   0.235572E-03    105      1    250   0.000000E+00    128      1    250   0.342119E-02     73      1    100
 0.809854E+01   0.247277E-03    105      1    250   0.000000E+00    128      1    250   0.359119E-02     73      1    100
 0.857537E+01   0.327277E-03    105      1    250   0.000000E+00    128      1    250   0.475301E-02     73      1    100
 0.905221E+01   0.345582E-03    106      1    250   0.000000E+00    128      1    250   0.501886E-02     74      1    100
 0.952905E+01   0.363784E-03    106      1    250   0.000000E+00    128      1    250   0.528321E-02     74      1    100
 0.100059E+02   0.381998E-03    107      1    250   0.000000E+00    128      1    250   0.554773E-02     75      1    100
 0.104827E+02   0.400182E-03    107      1    250   0.000000E+00    128      1    250   0.581181E-02     75      1    100
 0.110788E+02   0.528771E-03    108      1    250   0.000000E+00    128      1    250   0.767931E-02     76      1    100
 0.116748E+02   0.557293E-03    108      1    250   0.000000E+00    128      1    250   0.809353E-02     76      1    100
 0.122709E+02   0.585916E-03     45      1    250   0.000000E+00    128      1    250   0.850923E-02     77      1    100
 0.128669E+02   0.614228E-03     46      1    250   0.000000E+00    128      1    250   0.892041E-02     78      1    100
 0.136120E+02   0.812543E-03     46      1    250   0.000000E+00    128      1    250   0.118005E-01     78      1    100
 0.143570E+02   0.857478E-03     47      1    250   0.000000E+00    128      1    250   0.124531E-01     79      1    100
 0.151021E+02   0.902042E-03     48      1    250   0.000000E+00    128      1    250   0.131003E-01     80      1    100
 0.158471E+02   0.946335E-03     48      1    250   0.000000E+00    128      1    250   0.137436E-01     80      1    100
 0.167785E+02   0.125304E-02     49      1    250   0.000000E+00    128      1    250   0.181979E-01     81      1    100
 0.177098E+02   0.132360E-02     50      1    250   0.000000E+00    128      1    250   0.192227E-01     82      1    100
 0.186411E+02   0.139361E-02     51      1    250   0.000000E+00    128      1    250   0.202395E-01     83      1    100
 0.195724E+02   0.146319E-02     52      1    250   0.000000E+00    128      1    250   0.212500E-01     84      1    100
 0.207366E+02   0.193883E-02     53      1    250   0.000000E+00    128      1    250   0.281577E-01     85      1    100
 0.219007E+02   0.204967E-02     54      1    250   0.000000E+00    128      1    250   0.297675E-01     86      1    100
 0.230649E+02   0.215913E-02     55      1    250   0.000000E+00    128      1    250   0.313572E-01     87      1    100
 0.242290E+02   0.226819E-02     57      1    250   0.000000E+00    128      1    250   0.329411E-01     89      1    100
 0.253932E+02   0.237682E-02     58      1    250   0.000000E+00    128      1    250   0.345188E-01     90      1    100
 0.268484E+02   0.314413E-02    123      1    250   0.000000E+00    128      1    250   0.456626E-01     91      1    100
 0.283036E+02   0.331971E-02    125      1    250   0.000000E+00    128      1    250   0.482127E-01     93      1    100
 0.297588E+02   0.349320E-02    126      1    250   0.000000E+00    128      1    250   0.507323E-01     94      1    100
 0.312140E+02   0.366255E-02    127      1    250   0.000000E+00    128      1    250   0.531919E-01     95      1    100
 0.330330E+02   0.485316E-02      1      1    250   0.000000E+00    128      1    250   0.704833E-01     97      1    100
 0.348519E+02   0.513402E-02     67      1    250   0.000000E+00    128      1    250   0.745624E-01     99      1    100
 0.366709E+02   0.540663E-02     69      1    250   0.000000E+00    128      1    250   0.785217E-01    101      1    100
 0.384899E+02   0.567266E-02     71      1    250   0.000000E+00    128      1    250   0.823854E-01     39      1    100
 0.407637E+02   0.752816E-02     73      1    250   0.000000E+00    128      1    250   0.109333E+00     41      1    100
 0.430374E+02   0.798043E-02     75      1    250   0.000000E+00    128      1    250   0.115902E+00     43      1    100
 0.453111E+02   0.841376E-02     77      1    250   0.000000E+00    128      1    250   0.122195E+00     45      1    100
 0.475849E+02   0.883081E-02     79      1    250   0.000000E+00    128      1    250   0.128252E+00     47      1    100
 0.498586E+02   0.924460E-02     82      1    250   0.000000E+00    128      1    250   0.134262E+00     50      1    100
 0.521323E+02   0.965703E-02     84      1    250   0.000000E+00    128      1    250   0.140251E+00     52      1    100
 0.544061E+02   0.100681E-01     86      1    250   0.000000E+00    128      1    250   0.146221E+00     54      1    100
 0.566798E+02   0.104786E-01     89      1    250   0.000000E+00    128      1    250   0.152182E+00     57      1    100
 0.589535E+02   0.108933E-01     91      1    250   0.000000E+00    128      1    250   0.158206E+00     59      1    100
 0.612273E+02   0.113063E-01     93      1    250   0.000000E+00    128      1    250   0.164203E+00     61      1    100
 0.635010E+02   0.117173E-01     95      1    250   0.000000E+00    128      1    250   0.170172E+00     63      1    100
 0.657748E+02   0.121297E-01     98      1     13   0.000000E+00    128      1    250   0.176152E+00     66      1    100
 0.680485E+02   0.125445E-01    100      1     13   0.000000E+00    128      1    250   0.182171E+00     68      1    100
 0.703222E+02   0.129572E-01    102      1     13   0.000000E+00    128      1    250   0.188160E+00     70      1    100
 0.725960E+02   0.133677E-01    104      1     13   0.000000E+00    128      1    250   0.194117E+00     72      1    100
 0.748697E+02   0.137810E-01    107      1     13   0.000000E+00    128      1    250   0.200109E+00     75      1    100
 0.771434E+02   0.141954E-01     45      1     13   0.000000E+00    128      1    250   0.206124E+00     77      1    100
 0.794172E+02   0.146075E-01     47      1     13   0.000000E+00    128      1    250   0.212105E+00     79      1    100
 0.816909E+02   0.150170E-01     49      1     13   0.000000E+00    128      1    250   0.218050E+00     81      1    100
 0.839647E+02   0.154311E-01     52      1     12   0.000000E+00    128      1    250   0.224055E+00     84      1    100
 0.862384E+02   0.158450E-01     54      1     12   0.000000E+00    128      1    250   0.230066E+00     86      1    100
 0.885121E+02   0.162564E-01     56      1     12   0.000000E+00    128      1    250   0.236039E+00     88      1    100
 0.907859E+02   0.166651E-01     58      1     12   0.000000E+00    128      1    250   0.241974E+00     90      1    100
 0.930596E+02   0.170796E-01     61      1     12   0.000000E+00    128      1    250   0.247990E+00     93      1    100
 0.953333E+02   0.174931E-01     63      1     12   0.000000E+00    128      1    250   0.253997E+00     95      1    100
 0.976071E+02   0.179038E-01     65      1     12   0.000000E+00    128      1    250   0.259964E+00     97      1    100
 0.998808E+02   0.183115E-01     67      1     12   0.000000E+00    128      1    250   0.265888E+00     99      1    100
 0.102155E+03   0.187264E-01     70      1     12   0.000000E+00    128      1    250   0.271913E+00    102      1    100
 0.104428E+03   0.191394E-01     72      1     12   0.000000E+00    128      1    250   0.277917E+00    104      1    100
 0.106702E+03   0.195495E-01     74      1     12   0.000000E+00    128      1    250   0.283877E+00    106      1    100
 0.108976E+03   0.199563E-01     76      1     12   0.000000E+00    128      1    250   0.289791E+00    108      1    100
 0.111249E+03   0.203715E-01     79      1     12   0.000000E+00    128      1    250   0.295826E+00    111      1    100
 0.113523E+03   0.207843E-01     81      1     12   0.000000E+00    128      1    250   0.301826E+00    113      1    100
 0.115797E+03   0.211937E-01     83      1     12   0.000000E+00    128      1    250   0.307780E+00    115      1    100
 0.118071E+03   0.215997E-01     85      1     12   0.000000E+00    128      1    250   0.313684E+00    117      1    100
 0.120344E+03   0.220153E-01     88      1     12   0.000000E+00    128      1    250   0.319727E+00    120      1    100
 0.122618E+03   0.224278E-01     26      1     12   0.000000E+00    128      1    250   0.325725E+00    122      1    100
 0.124892E+03   0.228368E-01     28      1     12   0.000000E+00    128      1    250   0.331673E+00    124      1    100
 0.127166E+03   0.232423E-01     31      1     12   0.000000E+00    128      1    250   0.337569E+00    127      1    100
 0.129439E+03   0.236584E-01     33      1    250   0.000000E+00    128      1    250   0.343616E+00      1      1    100
 0.131713E+03   0.240711E-01     35      1    250   0.000000E+00    128      1    250   0.349612E+00      3      1    100
 0.133987E+03   0.244801E-01     37      1    250   0.000000E+00    128      1    250   0.355554E+00      5      1    100
 0.136261E+03   0.248856E-01     40      1    250   0.000000E+00    128      1    250   0.361446E+00      8      1    100
 0.138534E+03   0.253019E-01     42      1    250   0.000000E+00    128      1    250   0.367495E+00     10      1    100
 0.140808E+03   0.257145E-01     44      1    250   0.000000E+00    128      1    250   0.373489E+00     12      1    100
 0.143082E+03   0.261232E-01     46      1    250   0.000000E+00    128      1    250   0.379425E+00     14      1    100
 0.145356E+03   0.265283E-01    113      1    250   0.000000E+00    128      1    250   0.385311E+00     17      1    100
 0.147629E+03   0.269448E-01    115      1    250   0.000000E+00    128      1    250   0.391362E+00     19      1    100
 0.149903E+03   0.273573E-01     53      1    250   0.000000E+00    128      1    250   0.397354E+00     21      1    100
 0.152177E+03   0.277657E-01     55      1    250   0.000000E+00    128      1    250   0.403285E+00     23      1    100
 0.154450E+03   0.281704E-01    122      1    250   0.000000E+00    128      1    250   0.409165E+00     26      1    100
 0.156724E+03   0.285871E-01     60      1    250   0.000000E+00    128      1    250   0.415217E+00     28      1    100
 0.158998E+03   0.289996E-01     62      1    250   0.000000E+00    128      1    250   0.421208E+00     30      1    100
 0.161272E+03   0.294076E-01     64      1    250   0.000000E+00    128      1    250   0.427135E+00     32      1    100
 0.163545E+03   0.298119E-01     67      1    250   0.000000E+00    128      1    250   0.433006E+00     35      1    100
 0.165819E+03   0.302288E-01     69      1    250   0.000000E+00    128      1    250   0.439061E+00     37      1    100
 0.168093E+03   0.306413E-01     71      1    250   0.000000E+00    128      1    250   0.445050E+00     39      1    100
 0.170367E+03   0.310491E-01     73      1    250   0.000000E+00    128      1    250   0.450972E+00     41      1    100
 0.172640E+03   0.314528E-01     76      1    250   0.000000E+00    128      1    250   0.456835E+00     44      1    100
 0.174914E+03   0.318699E-01     78      1    250   0.000000E+00    128      1    250   0.462892E+00    110      1    100
 0.177188E+03   0.322824E-01     80      1    250   0.000000E+00    128      1    250   0.468881E+00    112      1    100
 0.179462E+03   0.326900E-01     82      1    250   0.000000E+00    128      1    250   0.474798E+00    114      1    100
 0.181735E+03   0.330930E-01     85      1    250   0.000000E+00    128      1    250   0.480651E+00    117      1    100
 0.184009E+03   0.335104E-01     87      1    250   0.000000E+00    128      1    250   0.486711E+00    119      1    100
 0.186283E+03   0.339229E-01     89      1    250   0.000000E+00    128      1    250   0.492699E+00    121      1    100
 0.188557E+03   0.343302E-01     91      1    250   0.000000E+00    128      1    250   0.498613E+00    123      1    100
 0.190830E+03   0.347325E-01     94      1    250   0.000000E+00    128      1    250   0.504454E+00    126      1    100
 0.193104E+03   0.351502E-01     96      1    250   0.000000E+00    128      1    250   0.510518E+00    128      1    100
 0.195378E+03   0.355627E-01     98      1    250   0.000000E+00    128      1    250   0.516506E+00      2      1    100
 0.197651E+03   0.359698E-01    100      1    250   0.000000E+00    128      1    250   0.522417E+00      4      1    100
 0.199925E+03   0.363714E-01    102      1    250   0.000000E+00    128      1    250   0.528247E+00      6      1    100
 0.202199E+03   0.367892E-01    105      1    250   0.000000E+00    128      1    250   0.534313E+00     73      1    100
 0.204473E+03   0.372016E-01    107      1    250   0.000000E+00    128      1    250   0.540302E+00     75      1    100
 0.206746E+03   0.376085E-01    109      1    250   0.000000E+00    128      1    250   0.546210E+00     77      1    100
 0.209020E+03   0.380096E-01    111      1    250   0.000000E+00    128      1    250   0.552034E+00     79      1    100
 0.211294E+03   0.384272E-01    114      1    250   0.000000E+00    128      1    250   0.558098E+00     82      1    100
 0.213568E+03   0.388397E-01    116      1    250   0.000000E+00    128      1    250   0.564088E+00     84      1    100
 0.215841E+03   0.392464E-01    118      1    250   0.000000E+00    128      1    250   0.569993E+00     86      1    100
 0.218115E+03   0.396470E-01    120      1    250   0.000000E+00    128      1    250   0.575810E+00     88      1    100
 0.220389E+03   0.400643E-01    123      1    250   0.000000E+00    128      1    250   0.581872E+00     91      1    100
 0.222663E+03   0.404768E-01    125      1    250   0.000000E+00    128      1    250   0.587862E+00     93      1    100
 0.224936E+03   0.408833E-01    127      1    250   0.000000E+00    128      1    250   0.593765E+00     95      1    100
 0.227210E+03   0.412835E-01      1      1    250   0.000000E+00    128      1    250   0.599577E+00     97      1    100
 0.229484E+03   0.417003E-01      4      1    250   0.000000E+00    128      1    250   0.605634E+00    100      1    100
 0.231758E+03   0.421129E-01      6      1    250   0.000000E+00    128      1    250   0.611626E+00    102      1    100
 0.234031E+03   0.425191E-01      8      1    250   0.000000E+00    128      1    250   0.617527E+00    104      1    100
 0.236305E+03   0.429189E-01     10      1    250   0.000000E+00    128      1    250   0.623334E+00    106      1    100
 0.238579E+03   0.433353E-01     13      1    250   0.000000E+00    128      1    250   0.629385E+00    109      1    100
 0.240852E+03   0.437479E-01     15      1    250   0.000000E+00    128      1    250   0.635379E+00    111      1    100
 0.243126E+03   0.441540E-01     17      1    250   0.000000E+00    128      1    250   0.641278E+00    113      1    100
 0.245400E+03   0.445533E-01     19      1    250   0.000000E+00    128      1    250   0.647079E+00    115      1    100
 0.247674E+03   0.449692E-01     22      1    250   0.000000E+00    128      1    250   0.653124E+00    118      1    100
 0.249947E+03   0.453819E-01     24      1    250   0.000000E+00    128      1    250   0.659120E+00    120      1    100
 0.252221E+03   0.457878E-01     26      1    250   0.000000E+00    128      1    250   0.665017E+00    122      1    100
 0.254495E+03   0.461868E-01     28      1    250   0.000000E+00    128      1    250   0.670814E+00    124      1    100
 0.256769E+03   0.466022E-01     31      1    250   0.000000E+00    128      1    250   0.676851E+00    127      1    100
 0.259042E+03   0.470150E-01     33      1    250   0.000000E+00    128      1    250   0.682849E+00      1      1    100
 0.261316E+03   0.474208E-01     35      1    250   0.000000E+00    128      1    250   0.688745E+00      3      1    100
 0.263590E+03   0.478195E-01     37      1    250   0.000000E+00    128      1    250   0.694537E+00      5      1    100
 0.265864E+03   0.482343E-01    104      1    250   0.000000E+00    128      1    250   0.700566E+00      8      1    100
 0.267683E+03   0.389298E-01     41      1    250   0.000000E+00    128      1    250   0.565425E+00      9      1    100
 0.269502E+03   0.393362E-01    107      1    250   0.000000E+00    128      1    250   0.571330E+00     11      1    100
 0.271321E+03   0.396732E-01    109      1    250   0.000000E+00    128      1    250   0.576227E+00     13      1    100
 0.273140E+03   0.399552E-01    111      1    250   0.000000E+00    128      1    250   0.580324E+00     15      1    100
 0.274959E+03   0.402127E-01    113      1    250   0.000000E+00    128      1    250   0.584065E+00     17      1    100
 0.276778E+03   0.404667E-01    114      1    250   0.000000E+00    128      1    250   0.587754E+00     18      1    100
 0.278597E+03   0.407337E-01    116      1    250   0.000000E+00    128      1    250   0.591634E+00     20      1    100
 0.280416E+03   0.409985E-01    118      1    250   0.000000E+00    128      1    250   0.595481E+00     22      1    100
 0.282234E+03   0.412601E-01    120      1    250   0.000000E+00    128      1    250   0.599281E+00     24      1    100
 0.284053E+03   0.415178E-01    122      1    250   0.000000E+00    128      1    250   0.603024E+00     26      1    100
 0.285872E+03   0.417764E-01    123      1    250   0.000000E+00    128      1    250   0.606779E+00     27      1    100
 0.287691E+03   0.420460E-01    125      1    250   0.000000E+00    128      1    250   0.610696E+00     29      1    100
 0.289510E+03   0.423116E-01    127      1    250   0.000000E+00    128      1    250   0.614554E+00     31      1    100
 0.291329E+03   0.425730E-01      1      1    250   0.000000E+00    128      1    250   0.618351E+00     33      1    100
 0.293148E+03   0.428302E-01      3      1    250   0.000000E+00    128      1    250   0.622086E+00     35      1    100
 0.294967E+03   0.430893E-01      4      1    250   0.000000E+00    128      1    250   0.625848E+00     36      1    100
 0.296786E+03   0.433590E-01      6      1    250   0.000000E+00    128      1    250   0.629764E+00     38      1    100
 0.298605E+03   0.436244E-01      8      1    250   0.000000E+00    128      1    250   0.633619E+00     40      1    100
 0.300424E+03   0.438856E-01     10      1    250   0.000000E+00    128      1    250   0.637412E+00     42      1    100
 0.302243E+03   0.441424E-01     12      1    250   0.000000E+00    128      1    250   0.641141E+00     44      1    100
 0.304062E+03   0.444022E-01     13      1    250   0.000000E+00    128      1    250   0.644912E+00     45      1    100
 0.305881E+03   0.446718E-01     15      1    250   0.000000E+00    128      1    250   0.648827E+00     47      1    100
 0.307700E+03   0.449371E-01     81      1    250   0.000000E+00    128      1    250   0.652679E+00     49      1    100
 0.309519E+03   0.451980E-01     83      1    250   0.000000E+00    128      1    250   0.656467E+00     51      1    100
 0.311338E+03   0.454544E-01     85      1    250   0.000000E+00    128      1    250   0.660190E+00     53      1    100
 0.313157E+03   0.457150E-01     86      1    250   0.000000E+00    128      1    250   0.663971E+00     54      1    100
 0.314976E+03   0.459846E-01     88      1    250   0.000000E+00    128      1    250   0.667885E+00     56      1    100
 0.316795E+03   0.462497E-01     90      1    250   0.000000E+00    128      1    250   0.671734E+00     58      1    100
 0.318614E+03   0.465103E-01     92      1    250   0.000000E+00    128      1    250   0.675517E+00     60      1    100
 0.320433E+03   0.467663E-01     94      1    250   0.000000E+00    128      1    250   0.679232E+00     62      1    100
 0.322252E+03   0.470276E-01     95      1    250   0.000000E+00    128      1    250   0.683025E+00     63      1    100
 0.324071E+03   0.472971E-01     97      1    250   0.000000E+00    128      1    250   0.686938E+00     65      1    100
 0.325890E+03   0.475620E-01     99      1    250   0.000000E+00    128      1    250   0.690784E+00     67      1    100
 0.327709E+03   0.478223E-01    101      1    250   0.000000E+00    128      1    250   0.694561E+00     69      1    100
 0.329528E+03   0.480777E-01    103      1    250   0.000000E+00    128      1    250   0.698270E+00     71      1    100
 0.331347E+03   0.483399E-01    104      1    250   0.000000E+00    128      1    250   0.702074E+00     72      1    100
 0.332802E+03   0.389024E-01    106      1    250   0.000000E+00    128      1    250   0.565006E+00     74      1    100
 0.334258E+03   0.391559E-01    107      1    250   0.000000E+00    128      1    250   0.568687E+00     75      1    100
 0.335713E+03   0.393689E-01    109      1    250   0.000000E+00    128      1    250   0.571779E+00     77      1    100
 0.337168E+03   0.395537E-01    110      1    250   0.000000E+00    128      1    250   0.574462E+00     78      1    100
 0.338623E+03   0.397143E-01    112      1    250   0.000000E+00    128      1    250   0.576794E+00     80      1    100
 0.340078E+03   0.398889E-01    113      1    250   0.000000E+00    128      1    250   0.579329E+00     81      1    100
 0.341534E+03   0.400460E-01    114      1    250   0.000000E+00    128      1    250   0.581610E+00     82      1    100
 0.342989E+03   0.402232E-01    116      1    250   0.000000E+00    128      1    250   0.584183E+00     84      1    100
 0.344444E+03   0.403870E-01    117      1    250   0.000000E+00    128      1    250   0.586561E+00     85      1    100
 0.345899E+03   0.405581E-01    119      1    250   0.000000E+00    128      1    250   0.589046E+00     87      1    100
 0.347354E+03   0.407272E-01    120      1    250   0.000000E+00    128      1    250   0.591501E+00     88      1    100
 0.348810E+03   0.408915E-01    122      1    250   0.000000E+00    128      1    250   0.593887E+00     90      1    100
 0.350265E+03   0.410659E-01    123      1    250   0.000000E+00    128      1    250   0.596419E+00     91      1    100
 0.351720E+03   0.412232E-01    125      1    250   0.000000E+00    128      1    250   0.598705E+00     93      1    100
 0.353175E+03   0.414030E-01    126      1    250   0.000000E+00    128      1    250   0.601315E+00     94      1    100
 0.354630E+03   0.415636E-01    127      1    250   0.000000E+00    128      1    250   0.603648E+00     95      1    100
 0.356085E+03   0.417385E-01      1      1    250   0.000000E+00    128      1    250   0.606189E+00     97      1    100
 0.357541E+03   0.419045E-01      2      1    250   0.000000E+00    128      1    250   0.608599E+00     98      1    100
 0.358996E+03   0.420724E-01      4      1    250   0.000000E+00    128      1    250   0.611039E+00    100      1    100
 0.360451E+03   0.422439E-01      5      1    250   0.000000E+00    128      1    250   0.613529E+00    101      1    100
 0.361906E+03   0.424047E-01      7      1    250   0.000000E+00    128      1    250   0.615866E+00    103      1    100
 0.363361E+03   0.425817E-01      8      1    250   0.000000E+00    128      1    250   0.618437E+00    104      1    100
 0.364817E+03   0.427390E-01      9      1    250   0.000000E+00    128      1    250   0.620721E+00    105      1    100
 0.366272E+03   0.429179E-01     11      1    250   0.000000E+00    128      1    250   0.623322E+00    107      1    100
 0.367727E+03   0.430807E-01     12      1    250   0.000000E+00    128      1    250   0.625686E+00    108      1    100
 0.369182E+03   0.432525E-01     14      1    250   0.000000E+00    128      1    250   0.628183E+00    110      1    100
 0.370637E+03   0.434209E-01     15      1    250   0.000000E+00    128      1    250   0.630629E+00    111      1    100
 0.372093E+03   0.435854E-01     17      1    250   0.000000E+00    128      1    250   0.633020E+00    113      1    100
 0.373548E+03   0.437594E-01     18      1    250   0.000000E+00    128      1    250   0.635548E+00    114      1    100
 0.375003E+03   0.439165E-01     20      1    250   0.000000E+00    128      1    250   0.637833E+00    116      1    100
 0.376458E+03   0.440964E-01     21      1    250   0.000000E+00    128      1    250   0.640445E+00    117      1    100
 0.377913E+03   0.442558E-01     22      1    250   0.000000E+00    128      1    250   0.642761E+00    118      1    100
 0.379369E+03   0.444316E-01     24      1    250   0.000000E+00    128      1    250   0.645318E+00    120      1    100
 0.380824E+03   0.445968E-01     25      1    250   0.000000E+00    128      1    250   0.647717E+00    121      1    100
 0.382279E+03   0.447652E-01     27      1    250   0.000000E+00    128      1    250   0.650166E+00    123      1    100
 0.383734E+03   0.449362E-01     28      1    250   0.000000E+00    128      1    250   0.652649E+00    124      1    100
 0.385189E+03   0.450971E-01     30      1    250   0.000000E+00    128      1    250   0.654989E+00    126      1    100
 0.386644E+03   0.452739E-01     31      1    250   0.000000E+00    128      1    250   0.657558E+00    127      1    100
 0.388100E+03   0.454299E-01     32      1    250   0.000000E+00    128      1    250   0.659823E+00    128      1    100
 0.389555E+03   0.456100E-01     34      1    250   0.000000E+00    128      1    250   0.662443E+00      2      1    100
 0.391010E+03   0.457718E-01     35      1    250   0.000000E+00    128      1    250   0.664793E+00      3      1    100
 0.392465E+03   0.459444E-01     37      1    250   0.000000E+00    128      1    250   0.667303E+00      5      1    100
 0.393920E+03   0.461121E-01     38      1    250   0.000000E+00    128      1    250   0.669739E+00      6      1    100
 0.395376E+03   0.462770E-01     40      1    250   0.000000E+00    128      1    250   0.672137E+00      8      1    100
 0.396831E+03   0.464508E-01     41      1    250   0.000000E+00    128      1    250   0.674661E+00      9      1    100
 0.398286E+03   0.466079E-01     43      1    250   0.000000E+00    128      1    250   0.676946E+00     11      1    100
 0.399741E+03   0.467878E-01     44      1    250   0.000000E+00    128      1    250   0.679558E+00     12      1    100
 0.401196E+03   0.469460E-01     45      1    250   0.000000E+00    128      1    250   0.681857E+00     13      1    100
 0.402652E+03   0.471231E-01     47      1    250   0.000000E+00    128      1    250   0.684430E+00     15      1    100
 0.404107E+03   0.472874E-01     48      1    250   0.000000E+00    128      1    250   0.686817E+00     16      1    100
 0.405562E+03   0.474566E-01    114      1    250   0.000000E+00    128      1    250   0.689277E+00     18      1    100
 0.407017E+03   0.476271E-01    115      1    250   0.000000E+00    128      1    250   0.691753E+00     19      1    100
 0.408472E+03   0.477883E-01    117      1    250   0.000000E+00    128      1    250   0.694096E+00     21      1    100
 0.409928E+03   0.479651E-01    118      1    250   0.000000E+00    128      1    250   0.696664E+00     22      1    100
 0.411383E+03   0.481196E-01    119      1    250   0.000000E+00    128      1    250   0.698908E+00     23      1    100
 0.412838E+03   0.483013E-01    121      1    250   0.000000E+00    128      1    250   0.701549E+00     25      1    100
 0.414002E+03   0.387846E-01    122      1    250   0.000000E+00    128      1    250   0.563324E+00     26      1    100
 0.415166E+03   0.389461E-01    123      1    250   0.000000E+00    128      1    250   0.565669E+00     27      1    100
 0.416330E+03   0.390788E-01    124      1    250   0.000000E+00    128      1    250   0.567596E+00     28      1    100
 0.417495E+03   0.391905E-01    126      1    250   0.000000E+00    128      1    250   0.569220E+00     30      1    100
 0.418659E+03   0.393041E-01    127      1    250   0.000000E+00    128      1    250   0.570870E+00     31      1    100
 0.419823E+03   0.394141E-01    128      1    250   0.000000E+00    128      1    250   0.572467E+00     32      1    100
 0.420987E+03   0.395225E-01      1      1    250   0.000000E+00    128      1    250   0.574042E+00     33      1    100
 0.422151E+03   0.396295E-01      2      1    250   0.000000E+00    128      1    250   0.575595E+00     34      1    100
 0.423315E+03   0.397345E-01      3      1    250   0.000000E+00    128      1    250   0.577120E+00     35      1    100
 0.424479E+03   0.398375E-01      4      1    250   0.000000E+00    128      1    250   0.578615E+00     36      1    100
 0.425644E+03   0.399453E-01      6      1    250   0.000000E+00    128      1    250   0.580182E+00     38      1    100
 0.426808E+03   0.400583E-01      7      1    250   0.000000E+00    128      1    250   0.581823E+00     39      1    100
 0.427972E+03   0.401692E-01      8      1    250   0.000000E+00    128      1    250   0.583433E+00     40      1    100
 0.429136E+03   0.402779E-01      9      1    250   0.000000E+00    128      1    250   0.585011E+00     41      1    100
 0.430300E+03   0.403843E-01     10      1    250   0.000000E+00    128      1    250   0.586557E+00     42      1    100
 0.431464E+03   0.404886E-01     11      1    250   0.000000E+00    128      1    250   0.588070E+00     43      1    100
 0.432629E+03   0.405906E-01     12      1    250   0.000000E+00    128      1    250   0.589552E+00     44      1    100
 0.433793E+03   0.407029E-01     14      1    250   0.000000E+00    128      1    250   0.591183E+00     46      1    100
 0.434957E+03   0.408152E-01     15      1    250   0.000000E+00    128      1    250   0.592814E+00     47      1    100
 0.436121E+03   0.409254E-01     16      1    250   0.000000E+00    128      1    250   0.594412E+00     48      1    100
 0.437285E+03   0.410333E-01     17      1    250   0.000000E+00    128      1    250   0.595979E+00     49      1    100
 0.438449E+03   0.411389E-01     18      1    250   0.000000E+00    128      1    250   0.597513E+00     50      1    100
 0.439613E+03   0.412423E-01     19      1    250   0.000000E+00    128      1    250   0.599013E+00     51      1    100
 0.440778E+03   0.413465E-01     21      1    250   0.000000E+00    128      1    250   0.600526E+00     53      1    100
 0.441942E+03   0.414603E-01     86      1    250   0.000000E+00    128      1    250   0.602179E+00     54      1    100
 0.443106E+03   0.415720E-01     87      1    250   0.000000E+00    128      1    250   0.603800E+00     55      1    100
 0.444270E+03   0.416813E-01     88      1    250   0.000000E+00    128      1    250   0.605387E+00     56      1    100
 0.445434E+03   0.417884E-01     89      1    250   0.000000E+00    128      1    250   0.606942E+00     57      1    100
 0.446598E+03   0.418932E-01     90      1    250   0.000000E+00    128      1    250   0.608463E+00     58      1    100
 0.447763E+03   0.419957E-01     91      1    250   0.000000E+00    128      1    250   0.609950E+00     59      1    100
 0.448927E+03   0.421044E-01     93      1    250   0.000000E+00    128      1    250   0.611529E+00     61      1    100
 0.450091E+03   0.422176E-01     94      1    250   0.000000E+00    128      1    250   0.613172E+00     62      1    100
 0.451255E+03   0.423285E-01     95      1    250   0.000000E+00    128      1    250   0.614781E+00     63      1    100
 0.452419E+03   0.424370E-01     96      1    250   0.000000E+00    128      1    250   0.616357E+00     64      1    100
 0.453583E+03   0.425433E-01     97      1    250   0.000000E+00    128      1    250   0.617899E+00     65      1    100
 0.454747E+03   0.426472E-01     98      1    250   0.000000E+00    128      1    250   0.619407E+00     66      1    100
 0.455912E+03   0.427487E-01     99      1    250   0.000000E+00    128      1    250   0.620881E+00     67      1    100
 0.457076E+03   0.428621E-01    101      1    250   0.000000E+00    128      1    250   0.622528E+00     69      1    100
 0.458240E+03   0.429745E-01    102      1    250   0.000000E+00    128      1    250   0.624160E+00     70      1    100
 0.459404E+03   0.430846E-01    103      1    250   0.000000E+00    128      1    250   0.625757E+00     71      1    100
 0.460568E+03   0.431923E-01    104      1    250   0.000000E+00    128      1    250   0.627321E+00     72      1    100
 0.461732E+03   0.432977E-01    105      1    250   0.000000E+00    128      1    250   0.628850E+00     73      1    100
 0.462897E+03   0.434006E-01    106      1    250   0.000000E+00    128      1    250   0.630345E+00     74      1    100
 0.464061E+03   0.435055E-01    108      1    250   0.000000E+00    128      1    250   0.631868E+00     76      1    100
 0.465225E+03   0.436195E-01    109      1    250   0.000000E+00    128      1    250   0.633523E+00     77      1    100
 0.466389E+03   0.437311E-01    110      1    250   0.000000E+00    128      1    250   0.635143E+00     78      1    100
 0.467553E+03   0.438403E-01    111      1    250   0.000000E+00    128      1    250   0.636729E+00     79      1    100
 0.468717E+03   0.439472E-01    112      1    250   0.000000E+00    128      1    250   0.638280E+00     80      1    100
 0.469881E+03   0.440516E-01    113      1    250   0.000000E+00    128      1    250   0.639796E+00     81      1    100
 0.471046E+03   0.441536E-01    114      1    250   0.000000E+00    128      1    250   0.641276E+00     82      1    100
 0.472210E+03   0.442632E-01    116      1    250   0.000000E+00    128      1    250   0.642869E+00     84      1    100
 0.473374E+03   0.443764E-01    117      1    250   0.000000E+00    128      1    250   0.644513E+00     85      1    100
 0.474538E+03   0.444872E-01    118      1    250   0.000000E+00    128      1    250   0.646121E+00     86      1    100
 0.475702E+03   0.445956E-01    119      1    250   0.000000E+00    128      1    250   0.647695E+00     87      1    100
 0.476866E+03   0.447015E-01    120      1    250   0.000000E+00    128      1    250   0.649233E+00     88      1    100
 0.478031E+03   0.448049E-01    121      1    250   0.000000E+00    128      1    250   0.650735E+00     89      1    100
 0.479195E+03   0.449059E-01    122      1    250   0.000000E+00    128      1    250   0.652202E+00     90      1    100
 0.480359E+03   0.450205E-01    124      1    250   0.000000E+00    128      1    250   0.653866E+00     92      1    100
 0.481523E+03   0.451329E-01    125      1    250   0.000000E+00    128      1    250   0.655498E+00     93      1    100
 0.482687E+03   0.452428E-01    126      1    250   0.000000E+00    128      1    250   0.657095E+00     94      1    100
 0.483851E+03   0.453503E-01    127      1    250   0.000000E+00    128      1    250   0.658655E+00     95      1    100
 0.485015E+03   0.454552E-01    128      1    250   0.000000E+00    128      1    250   0.660180E+00     96      1    100
 0.486180E+03   0.455577E-01      1      1    250   0.000000E+00    128      1    250   0.661668E+00     97      1    100
 0.487344E+03   0.456633E-01      3      1    250   0.000000E+00    128      1    250   0.663202E+00     99      1    100
 0.488508E+03   0.457773E-01      4      1    250   0.000000E+00    128      1    250   0.664859E+00    100      1    100
 0.489672E+03   0.458888E-01      5      1    250   0.000000E+00    128      1    250   0.666479E+00    101      1    100
 0.490836E+03   0.459979E-01      6      1    250   0.000000E+00    128      1    250   0.668062E+00    102      1    100
 0.492000E+03   0.461044E-01      7      1    250   0.000000E+00    128      1    250   0.669610E+00    103      1    100
 0.493165E+03   0.462084E-01      8      1    250   0.000000E+00    128      1    250   0.671120E+00    104      1    100
 0.494329E+03   0.463099E-01      9      1    250   0.000000E+00    128      1    250   0.672594E+00    105      1    100
 0.495493E+03   0.464204E-01     11      1    250   0.000000E+00    128      1    250   0.674202E+00    107      1    100
 0.496657E+03   0.465336E-01     12      1    250   0.000000E+00    128      1    250   0.675846E+00    108      1    100
 0.497821E+03   0.466443E-01     13      1    250   0.000000E+00    128      1    250   0.677454E+00    109      1    100
 0.498985E+03   0.467524E-01     14      1    250   0.000000E+00    128      1    250   0.679024E+00    110      1    100
 0.500149E+03   0.468580E-01     15      1    250   0.000000E+00    128      1    250   0.680558E+00    111      1    100
 0.501314E+03   0.469610E-01     16      1    250   0.000000E+00    128      1    250   0.682054E+00    112      1    100
 0.502478E+03   0.470622E-01     18      1    250   0.000000E+00    128      1    250   0.683527E+00    114      1    100
 0.503642E+03   0.471771E-01     19      1    250   0.000000E+00    128      1    250   0.685196E+00    115      1    100
 0.504806E+03   0.472895E-01     20      1    250   0.000000E+00    128      1    250   0.686828E+00    116      1    100
 0.505970E+03   0.473993E-01     21      1    250   0.000000E+00    128      1    250   0.688423E+00    117      1    100
 0.507134E+03   0.475065E-01     22      1    250   0.000000E+00    128      1    250   0.689980E+00    118      1    100
 0.508299E+03   0.476111E-01     23      1    250   0.000000E+00    128      1    250   0.691500E+00    119      1    100
 0.509463E+03   0.477131E-01     24      1    250   0.000000E+00    128      1    250   0.692981E+00    120      1    100
 0.510627E+03   0.478194E-01     26      1    250   0.000000E+00    128      1    250   0.694528E+00    122      1    100
 0.511791E+03   0.479334E-01     27      1    250   0.000000E+00    128      1    250   0.696185E+00    123      1    100
 0.512955E+03   0.480449E-01     28      1    250   0.000000E+00    128      1    250   0.697805E+00    124      1    100
 0.514119E+03   0.481538E-01     29      1    250   0.000000E+00    128      1    250   0.699386E+00    125      1    100
 0.515283E+03   0.482600E-01     30      1    250   0.000000E+00    128      1    250   0.700930E+00    126      1    100
 0.516215E+03   0.387008E-01     31      1    250   0.000000E+00    128      1    250   0.562092E+00    127      1    100
 0.517146E+03   0.388057E-01     32      1    250   0.000000E+00    128      1    250   0.563616E+00    128      1    100
 0.518077E+03   0.388929E-01     33      1    250   0.000000E+00    128      1    250   0.564883E+00      1      1    100
 0.519009E+03   0.389664E-01     34      1    250   0.000000E+00    128      1    250   0.565951E+00      2      1    100
 0.519940E+03   0.390339E-01     35      1    250   0.000000E+00    128      1    250   0.566932E+00      3      1    100
 0.520871E+03   0.390999E-01     36      1    250   0.000000E+00    128      1    250   0.567892E+00      4      1    100
 0.521803E+03   0.391656E-01     37      1    250   0.000000E+00    128      1    250   0.568847E+00      5      1    100
 0.522734E+03   0.392312E-01     38      1    250   0.000000E+00    128      1    250   0.569800E+00      6      1    100
 0.523665E+03   0.393019E-01     38      1    250   0.000000E+00    128      1    250   0.570825E+00      6      1    100
 0.524597E+03   0.393740E-01     39      1    250   0.000000E+00    128      1    250   0.571873E+00      7      1    100
 0.525528E+03   0.394455E-01     40      1    250   0.000000E+00    128      1    250   0.572912E+00      8      1    100
 0.526459E+03   0.395164E-01     41      1    250   0.000000E+00    128      1    250   0.573943E+00      9      1    100
 0.527391E+03   0.395867E-01     42      1    250   0.000000E+00    128      1    250   0.574965E+00     10      1    100
 0.528322E+03   0.396565E-01     43      1    250   0.000000E+00    128      1    250   0.575978E+00     11      1    100
 0.529253E+03   0.397256E-01     44      1    250   0.000000E+00    128      1    250   0.576982E+00     12      1    100
 0.530185E+03   0.397941E-01     45      1    250   0.000000E+00    128      1    250   0.577978E+00     13      1    100
 0.531116E+03   0.398619E-01     46      1    250   0.000000E+00    128      1    250   0.578964E+00     14      1    100
 0.532047E+03   0.399292E-01    111      1    250   0.000000E+00    128      1    250   0.579942E+00     15      1    100
 0.532979E+03   0.399959E-01    112      1    250   0.000000E+00    128      1    250   0.580910E+00     16      1    100
 0.533910E+03   0.400619E-01    113      1    250   0.000000E+00    128      1    250   0.581870E+00     17      1    100
 0.534841E+03   0.401287E-01     49      1    250   0.000000E+00    128      1    250   0.582838E+00     17      1    100
 0.535773E+03   0.402012E-01     50      1    250   0.000000E+00    128      1    250   0.583892E+00     18      1    100
 0.536704E+03   0.402731E-01     51      1    250   0.000000E+00    128      1    250   0.584937E+00     19      1    100
 0.537635E+03   0.403444E-01    116      1    250   0.000000E+00    128      1    250   0.585973E+00     20      1    100
 0.538566E+03   0.404151E-01    117      1    250   0.000000E+00    128      1    250   0.587000E+00     21      1    100
 0.539498E+03   0.404852E-01    118      1    250   0.000000E+00    128      1    250   0.588018E+00     22      1    100
 0.540429E+03   0.405547E-01    119      1    250   0.000000E+00    128      1    250   0.589027E+00     23      1    100
 0.541360E+03   0.406235E-01    120      1    250   0.000000E+00    128      1    250   0.590028E+00     24      1    100
 0.542292E+03   0.406917E-01    121      1    250   0.000000E+00    128      1    250   0.591019E+00     25      1    100
 0.543223E+03   0.407593E-01    122      1    250   0.000000E+00    128      1    250   0.592001E+00     26      1    100
 0.544154E+03   0.408263E-01    123      1    250   0.000000E+00    128      1    250   0.592974E+00     27      1    100
 0.545086E+03   0.408927E-01    124      1    250   0.000000E+00    128      1    250   0.593938E+00     28      1    100
 0.546017E+03   0.409584E-01    125      1    250   0.000000E+00    128      1    250   0.594892E+00     29      1    100
 0.546948E+03   0.410283E-01    125      1    250   0.000000E+00    128      1    250   0.595906E+00     29      1    100
 0.547880E+03   0.411006E-01    126      1    250   0.000000E+00    128      1    250   0.596957E+00     30      1    100
 0.548811E+03   0.411723E-01    127      1    250   0.000000E+00    128      1    250   0.597998E+00     31      1    100
 0.549742E+03   0.412434E-01    128      1    250   0.000000E+00    128      1    250   0.599031E+00     32      1    100
 0.550674E+03   0.413139E-01      1      1    250   0.000000E+00    128      1    250   0.600055E+00     33      1    100
 0.551605E+03   0.413837E-01      2      1    250   0.000000E+00    128      1    250   0.601069E+00     34      1    100
 0.552536E+03   0.414529E-01      3      1    250   0.000000E+00    128      1    250   0.602074E+00     35      1    100
 0.553468E+03   0.415215E-01      4      1    250   0.000000E+00    128      1    250   0.603070E+00     36      1    100
 0.554399E+03   0.415895E-01      5      1    250   0.000000E+00    128      1    250   0.604057E+00     37      1    100
